#x4

좌 : 코드 ABCE 반복
     1 5 8 - 1 5 8 - 1 5 8 - 159
     1 5 8 - 1 5 8 - 1 5 8 10 10 El E1 5 8
     1 5 8 9 10 12 1 5 8 10 11 15
     1 5 8 10 10 1 5 8 11 10  






우 :
G  1 4 8 1 4 7 , 5 3 6 5 3 5 , 6 4 6 1 4 37 , 1 4 6 -1 4 15
G  1 4 8 1 4 7 , 5 3 6 5 3 5 , 6 4 6 1 4 8, 6 5 3 6 5 13

C  7 5 5 3 3 1 , 7 5 5 3 3 7 , 7 5 5 3 3 1, 6 5 3 -1 10 17
C  7 5 5 3 3 1 , 7 5 5 3 3 7 , 7 5 5 3 3 1, 6 5 3 -1 10 17

G  8 1 4 8 7 8 , 8 3 6 11 10 8 , 8 3 C8 1 2 3 , 29 - 8 5 7 5
G  8 1 4 8 7 8 , 8 3 6 11 10 8 , 8 3 C8 1 2 3 , 29 8 5 38 7 5

G  1 4 8 1 4 7 , 5 3 6 5 3 5 , 6 4 6 1 4 37 , 1 4 6 -1 4 15
G  1 4 8 1 4 7 , 5 3 6 5 3 5 , 6 4 6 1 4 8, 6 5 3 6 5 13
