#x5

좌 : B1 5 8 - C1 5 8 - D1 5 8 5 F1 5 8 - (반복)
우 : 

C  4 8 6 - 4 8 6 5 4 5 5 6 6 - 6 5 4 5 4 
C  4n 8 6 - 4 8 6 5 4 5 5 4 4 4n 4 4n5 4 5 4

x3
C  4n 8 6 - 4 8 6 5 4 5 5 6 6 - 6 5 4 5 4
C  4n 8 6 - 4 8 6 5 4 5 5 4 4 4n 4 4n5 4 5 4

C  4n

Cl 8 6 - 4 8 6 5 4 5 5 6 6 - 6 5 4 5 4
Cl 4n 8 6 - 4 8 6 5 4 5 5 4 4 4n 4 4n5 4 5 4 

Cl 4n 1 2 6 2 5 2 5 2 4 2 6 2 5 2 6 5 4 5 4
Cl 4n 2 2 6 2 5 2 5 2 4 2 6 2 5 2 6 5 4 5 4

Cl 4n

C  1 6 - 4 8 6 5 4 5 5 6 - 6 5 4 5 4
C  4n 8 6 - 4 8 6 5 4 5 5 4 4n 4 4n 1 5 4 4n 4 4n 4 4n 4 

C  8

x2
C  8 2 4 8 2 4 8 2 4 8 2 4 8 2 4 2
C  8 2 4 8 2 4 8 2 4 4n 2 6 4 4n 4n 2
C  8 2 4 8 2 4 8 2 4 8 2 4 8 2 4 2
C  8 2 4 8 2 4 8 2 5 6 8 Ch 4 4n C8 6 5

처음으로

