#x3

좌 : F D A E (1 5 8)

A  8 1 3 8 1 3 7 1 3 , F 8 1 3 8 1 3 7 -1 3
E  6 1 4 8 1 4 6 1 4 , E 5 1 2 3 4 5 6 7 8

A  8 1 3 8 1 3 7 1 3 , F 8 1 3 8 1 3 7 -1 3
E  6 1 4 8 1 4 6 1 4 , E 5 1 3 5 3 8 5 10 8

좌 : F D A , E ( 1 5 2n)

A  8 1 3 8 1 3 7 1 3 , F 8 1 3 8 1 3 7 -1 3
E  6 1 4 8 1 4 6 1 4 , E 5 1 3 7 1 3 6 -2 3

좌 : F (1 5 8) A (1 5 7) G (1 5# 8) C (1 5 8)
     Fn(1 2 5) Fhn(1 2 5-)

C  7 1 4 6 1 4 5 1 4 , C 6 2# 4 8 2# 4 11 6 8
Chn6 1 2# 5 1 2# 4 1 2# , G 7 1 4 7 1 4 7n 1 4
C  5 1 4n 5 4n 5 8 5 8 , Ch 4n 1 4n 5 4n 5 8 -

chapter 2

좌 : F (1 5 8) F (1 7 9) A (1 5 8) Ch(1 5 8)
     Dh(1 5 7) Eh(1 5 6) Fh(1 5 8) Fh(1 5 8)
